1.000000000000000021e-02 1.557833831938366309e+01 1.369097289541454288e+01 3.454645000000000010e+01 3.222014127999701572e+01 2.078037101035482692e+01
2.000000000000000042e-02 1.561808314982285850e+01 1.371421140149363715e+01 3.465446254858132846e+01 3.235120353507777935e+01 2.084740622329511694e+01
2.999999999999999889e-02 1.567897475108477856e+01 1.375000417011665732e+01 3.480011671342612800e+01 3.242602395232105295e+01 2.115673725015113504e+01
4.000000000000000083e-02 1.558468895522925379e+01 1.385248681798555559e+01 3.503283709052996642e+01 3.297927523862925625e+01 2.233390960967987837e+01
5.000000000000000278e-02 1.586077720281824632e+01 1.394059983566557648e+01 3.516230709682694311e+01 3.319595400947178376e+01 2.384690770112239022e+01
5.999999999999999778e-02 1.582872330607790623e+01 1.387137467940284274e+01 3.459026981472597839e+01 3.278488161068509754e+01 2.225522721562220596e+01
7.000000000000000666e-02 1.564052850338744882e+01 1.389231105108710196e+01 3.666304434607837948e+01 3.316619389861316591e+01 2.309528909230311911e+01
8.000000000000000167e-02 1.580686931192893674e+01 1.478387412690841529e+01 3.835370004374742336e+01 3.453449431821939442e+01 2.587930798270221189e+01
8.999999999999999667e-02 1.582796731414621938e+01 1.575932609180566857e+01 4.021712993897337896e+01 3.536241092792281648e+01 2.410425990145621711e+01
1.000000000000000056e-01 1.555274956316593915e+01 1.555661211932130961e+01 4.139499755368242973e+01 3.570155042170067361e+01 2.850771386022742959e+01
1.100000000000000006e-01 1.571418454253118568e+01 1.693702586242511288e+01 4.350574839998733268e+01 3.446221724779901052e+01 3.398190378032867187e+01
1.199999999999999956e-01 1.555557433100539733e+01 1.760146221027056512e+01 4.442486324689771493e+01 3.467971066422309434e+01 3.223184768989443683e+01
1.300000000000000044e-01 1.653467756237694886e+01 1.682988113285013299e+01 4.523082868514411814e+01 3.364943038669324693e+01 3.670954433374121351e+01
1.400000000000000133e-01 1.625138602580494407e+01 1.846999930518783373e+01 4.988775842325507170e+01 3.359601195571367782e+01 3.600848811948156936e+01
1.499999999999999944e-01 1.622190617640485755e+01 1.785848446443996096e+01 5.658879023822964882e+01 3.416261226853031019e+01 4.011962026455780261e+01
1.600000000000000033e-01 1.664569352249609935e+01 1.783118876188297008e+01 5.515753700617615607e+01 3.434778781995210295e+01 3.313038984155977573e+01
1.700000000000000122e-01 1.841819178922666111e+01 1.850882552103648138e+01 6.083263651467495947e+01 3.709628392784204465e+01 3.398427828413753105e+01
1.799999999999999933e-01 1.958550868686202762e+01 1.961077137496388190e+01 6.768664423935146601e+01 4.067033186648962584e+01 4.329644412172959278e+01
1.900000000000000022e-01 1.870714538702123519e+01 2.061577812604285498e+01 7.408681611878465390e+01 4.539989975404971290e+01 4.781269008997492875e+01
2.000000000000000111e-01 1.969541143787474624e+01 2.214664347752756868e+01 8.260187739223566439e+01 4.542639698148432359e+01 4.366019060303153054e+01
2.099999999999999922e-01 1.911110251219021805e+01 2.532016715634008719e+01 8.535184179457333187e+01 5.170091977811230066e+01 4.635432426141826312e+01
2.200000000000000011e-01 2.023471212830157739e+01 2.513591197463593474e+01 9.207114228581849602e+01 5.498986107786237909e+01 5.511892003775320603e+01
2.300000000000000100e-01 2.118714461596357523e+01 2.892153099160954000e+01 9.057015955388216355e+01 5.048506021514998565e+01 6.441329803991899894e+01
2.399999999999999911e-01 2.406635107682193109e+01 3.204107446456930575e+01 8.317044664646670071e+01 4.779794536483851175e+01 6.482626869334350772e+01
2.500000000000000000e-01 2.705893556705384384e+01 3.038001114941890535e+01 7.346784491720970323e+01 4.723220339087612274e+01 6.009487118095386649e+01
2.600000000000000089e-01 2.767801259143908865e+01 2.726329098022554120e+01 6.909758462382710320e+01 4.854642365599143972e+01 5.998755834609178805e+01
2.700000000000000178e-01 2.692522482199029810e+01 2.718243667538109420e+01 6.869586497886017185e+01 5.096867559285699656e+01 6.595113144460150068e+01
2.800000000000000266e-01 2.711403218261463621e+01 2.512917740570754432e+01 7.473845929377820596e+01 4.975568088247304388e+01 6.851725011381614650e+01
2.899999999999999800e-01 2.867069547671014007e+01 2.694405618126777924e+01 7.355146835204435263e+01 5.299632781753312116e+01 6.761836483471603287e+01
2.999999999999999889e-01 2.923456995963914906e+01 2.746741857117120134e+01 7.439919621797544380e+01 5.585970933400789562e+01 6.563541877688557236e+01
3.099999999999999978e-01 2.911599242970670787e+01 2.776500974427258228e+01 8.215047037888588477e+01 5.621005304643394851e+01 6.522362003068322167e+01
3.200000000000000067e-01 2.940612819577246739e+01 2.683739586599959637e+01 9.194701549364111770e+01 5.650325959187541969e+01 6.475411420156424924e+01
3.300000000000000155e-01 2.980357273697789111e+01 2.591159279654762315e+01 9.950375899470343199e+01 5.735070777209840998e+01 6.090548528592309907e+01
3.400000000000000244e-01 3.230511927843152620e+01 2.721645570677180004e+01 1.035330582772839847e+02 5.654273524583572907e+01 5.631734338797233619e+01
3.499999999999999778e-01 3.289509356971274912e+01 2.845518150801122559e+01 1.043203328753686776e+02 5.439790850936873312e+01 5.866451868436795536e+01
3.599999999999999867e-01 3.189897637521990958e+01 3.212799179057662258e+01 1.017808191145242773e+02 5.342370767913613605e+01 6.266917610636079417e+01
3.699999999999999956e-01 3.055072207059485834e+01 3.479556152758364362e+01 9.642172822030813961e+01 5.412199558120842369e+01 6.564018136518180313e+01
3.800000000000000044e-01 2.874679370151444857e+01 3.556692907280246629e+01 8.868089839596662216e+01 5.696360256378697073e+01 6.494102185442888242e+01
3.900000000000000133e-01 2.497850526502694990e+01 3.521394898070186485e+01 8.324358768484908921e+01 6.228814829776600703e+01 5.956542528288087368e+01
4.000000000000000222e-01 2.323346704589880218e+01 3.515829233109485585e+01 8.197327078404781275e+01 6.863187204522436957e+01 5.101373584372161218e+01
4.099999999999999756e-01 2.059710711875708711e+01 3.590266007251904767e+01 8.477604484337835800e+01 7.418448957342485528e+01 4.742779532268834686e+01
4.199999999999999845e-01 1.977050010265111624e+01 3.589944285400300572e+01 8.737013268214992934e+01 7.786344085147651128e+01 5.060088826315031696e+01
4.299999999999999933e-01 2.043345739922038362e+01 3.536819868403553357e+01 8.976252665666686426e+01 7.957125297196907354e+01 5.545109196196619195e+01
4.400000000000000022e-01 2.041482846017165542e+01 3.450795066992358784e+01 9.160992632099322464e+01 8.071550134202600191e+01 5.581364638201872452e+01
4.500000000000000111e-01 2.165623747838816726e+01 3.388148996473758245e+01 9.133769134044666771e+01 8.247499194563032177e+01 5.221164873760359626e+01
4.600000000000000200e-01 2.218385375047849806e+01 3.383719635738203380e+01 9.004769081724060698e+01 8.433682005426760497e+01 4.773990752859889142e+01
4.699999999999999734e-01 2.268064165362147122e+01 3.468410677603410619e+01 8.937094492696630255e+01 8.542594100040388128e+01 4.467913183860829207e+01
4.799999999999999822e-01 2.424448074302944889e+01 3.658514525374875603e+01 9.148802462292131565e+01 8.493627513267340134e+01 4.206681306631961803e+01
4.899999999999999911e-01 2.638108496877125120e+01 3.815363044087368394e+01 9.404531837479177625e+01 8.257241872703146157e+01 4.072706277525653462e+01
5.000000000000000000e-01 2.827486162011143378e+01 3.782542434398501285e+01 9.611249689765628546e+01 7.872239041101536827e+01 4.471813533558963627e+01
5.100000000000000089e-01 3.001683114417500420e+01 3.572497330509833802e+01 9.646347059587137096e+01 7.395146719754986009e+01 4.863484615234989406e+01
5.200000000000000178e-01 3.068644522147504006e+01 3.388655713132020253e+01 9.433466511577579183e+01 6.894506300895119466e+01 5.060717114850508835e+01
5.300000000000000266e-01 3.082720686549114220e+01 3.192245082452248894e+01 8.976946770148715871e+01 6.444373697369677245e+01 5.076178615800164096e+01
5.400000000000000355e-01 3.084692477141274125e+01 3.248639845067094711e+01 8.331597864548724885e+01 6.094373165325994535e+01 4.948296144666940677e+01
5.500000000000000444e-01 3.067931034670021972e+01 3.424060368344358807e+01 7.787319309156025327e+01 5.839967373905420089e+01 4.742254833403969627e+01
5.600000000000000533e-01 3.021063006889701796e+01 3.518114140256245292e+01 7.657400214136771410e+01 5.615964750145332118e+01 4.538797055182844531e+01
5.699999999999999512e-01 3.059648721301333296e+01 3.590740959103467134e+01 7.440078240037273360e+01 5.699914753662397260e+01 4.409196319513822004e+01
5.799999999999999600e-01 3.058395944568432512e+01 3.700014623529312985e+01 7.115998154204896764e+01 5.883200735890135036e+01 4.409568217692554271e+01
5.899999999999999689e-01 3.162432085174347307e+01 3.922420503981472706e+01 6.678104729559558450e+01 5.959791206475593128e+01 4.562411433194293409e+01
5.999999999999999778e-01 3.318374084945893543e+01 4.234151223717494616e+01 6.136299890909912591e+01 5.874101860808350040e+01 4.825344975067313413e+01
6.099999999999999867e-01 3.705696109910216762e+01 4.503642492996876001e+01 6.163975715531839938e+01 5.761799751241878198e+01 5.113655919850953069e+01
6.199999999999999956e-01 4.028925321818245919e+01 4.627300869145609141e+01 6.299651052533584306e+01 5.822499486471856045e+01 5.353261982334331037e+01
6.300000000000000044e-01 4.256277248664017065e+01 4.748530302559992577e+01 6.390175939956221640e+01 5.792477734387525601e+01 5.504496500569800332e+01
6.400000000000000133e-01 4.376179335340513887e+01 4.696060391045297422e+01 6.445884725945032301e+01 5.673546357012519081e+01 5.828781373917352226e+01
6.500000000000000222e-01 4.374265745749768541e+01 4.442254300288967528e+01 6.477303821338242074e+01 5.469448244286628835e+01 6.283481983257335912e+01
6.600000000000000311e-01 4.266622921862224160e+01 4.456288404560406491e+01 6.493379260857737734e+01 5.187953012082412840e+01 6.632643534792573803e+01
6.700000000000000400e-01 4.102348577806798602e+01 4.551882551676609268e+01 6.500529117595247897e+01 4.845045364374820451e+01 6.862294615096661232e+01
6.800000000000000488e-01 3.927517883751788474e+01 4.615673676194199260e+01 6.502467608229115115e+01 4.909580156373056070e+01 6.963779332322141613e+01
6.899999999999999467e-01 4.013824199418081662e+01 4.652851927061364279e+01 6.499866733414746989e+01 5.211232979380179842e+01 7.045700172707127251e+01
6.999999999999999556e-01 4.033083824274356033e+01 4.796257624203350645e+01 6.491527592955252146e+01 5.418063478196010152e+01 7.205465456506159683e+01
7.099999999999999645e-01 3.946711914345171834e+01 4.895489420494392618e+01 6.475281889775278898e+01 5.544652074925755159e+01 7.258233213780681581e+01
7.199999999999999734e-01 3.844056015662818737e+01 4.801722096697537978e+01 6.449564672221923445e+01 5.902504120888363559e+01 7.225242278058519219e+01
7.299999999999999822e-01 3.784653388755125292e+01 4.767163075637549241e+01 6.413545832241371158e+01 6.197216178181017909e+01 7.113143662479507157e+01
7.399999999999999911e-01 3.758865466562780711e+01 4.672957296262092797e+01 6.367254377498649376e+01 6.415498770158740172e+01 6.920605894594193330e+01
7.500000000000000000e-01 3.719898106563699969e+01 4.535230616803334414e+01 6.312754418847012516e+01 6.567722933158346166e+01 6.650940055374297799e+01
7.600000000000000089e-01 3.632926867935620407e+01 4.380272888646857865e+01 6.252736800956591168e+01 6.675557261659777453e+01 6.316325651602874558e+01
7.700000000000000178e-01 3.499092255566798570e+01 4.571338610736069086e+01 6.214522467687745433e+01 6.846276270405878961e+01 5.929665982493504828e+01
7.800000000000000266e-01 3.350677029460965883e+01 4.684762584191663137e+01 6.128194879761832681e+01 6.994079112940393372e+01 5.502917467321803713e+01
7.900000000000000355e-01 3.220428296260106293e+01 4.739258507020186784e+01 6.069605301229029237e+01 7.133019793669026853e+01 5.220717112378926572e+01
8.000000000000000444e-01 3.114669661714784610e+01 4.746324257967654603e+01 6.016179445212262067e+01 7.270566852167435457e+01 5.169371838510974726e+01
8.100000000000000533e-01 3.075319665445503858e+01 4.712113177664840435e+01 6.020437139229086654e+01 7.409068816335640406e+01 5.097499353857156024e+01
8.199999999999999512e-01 3.243755503888252179e+01 4.638001817346833633e+01 6.296356542745517260e+01 7.548364112622577693e+01 5.005377087434887784e+01
8.299999999999999600e-01 3.392885819520626711e+01 4.527102561560437977e+01 6.546755341691753927e+01 7.686980145552438159e+01 4.896775854127935901e+01
8.399999999999999689e-01 3.495936438758601383e+01 4.421569259733256985e+01 6.771379738272081283e+01 7.821735281286966313e+01 4.776790844604390429e+01
8.499999999999999778e-01 3.550502357905909889e+01 4.775086776402635991e+01 6.968854121355626319e+01 7.947422218505391811e+01 4.649650874823109348e+01
8.599999999999999867e-01 3.576814789810779871e+01 5.007467326937114649e+01 7.138533533867369840e+01 8.056787948792545251e+01 4.517318003239697788e+01
8.699999999999999956e-01 3.603513580270749372e+01 5.100532479258282592e+01 7.280049488090149623e+01 8.142532058571271136e+01 4.378958796091815486e+01
8.800000000000000044e-01 3.652882662977069828e+01 5.049174143538072457e+01 7.393609148266118325e+01 8.199198762275911179e+01 4.232556946667975950e+01
8.900000000000000133e-01 3.735492682152193566e+01 4.862184180058896033e+01 7.479427131130324824e+01 8.223502568113643463e+01 4.076448991910315556e+01
9.000000000000000222e-01 3.852440516014971905e+01 4.565618926847515269e+01 7.538391033529252638e+01 8.214867020751030680e+01 4.239602270121267225e+01
9.100000000000000311e-01 3.999347007682027311e+01 4.198570145097245643e+01 7.571741752887159294e+01 8.174214072750540083e+01 4.386811319317178715e+01
9.200000000000000400e-01 4.168100939009303119e+01 3.885701657576940704e+01 7.581035202529444916e+01 8.103176044841775649e+01 4.511909365808064365e+01
9.300000000000000488e-01 4.348237075809841201e+01 3.828446836523083618e+01 7.568086505147687149e+01 8.003954497692203063e+01 4.635969365740997716e+01
9.399999999999999467e-01 4.530192269398450122e+01 3.759555561570704896e+01 7.534884679779707994e+01 7.878941379902788356e+01 4.716630220358715775e+01
9.499999999999999556e-01 4.707295123565963024e+01 3.767466187694743240e+01 7.483500654225653648e+01 7.731870190026839396e+01 4.753900221144803595e+01
9.599999999999999645e-01 4.874274116532722445e+01 3.823432053793165153e+01 7.416006063657610525e+01 7.577834478308459154e+01 4.749668522176720842e+01
9.699999999999999734e-01 5.023874513961364840e+01 3.863675594716457340e+01 7.334433466779711353e+01 7.443628869223853428e+01 4.706626438602232554e+01
9.799999999999999822e-01 5.145866396826559708e+01 3.871248442069981621e+01 7.240742551158844265e+01 7.299328486989352882e+01 4.627146048841024850e+01
9.899999999999999911e-01 5.229691747420164205e+01 3.835253735373576234e+01 7.136791054154024039e+01 7.152588646162806185e+01 4.513578046075236472e+01
1.000000000000000000e+00 5.268229703539852693e+01 3.752842287646448938e+01 7.024312455088137597e+01 7.011300208064335493e+01 4.373203082765547123e+01
1.010000000000000009e+00 5.260049434792649947e+01 3.824273832418626284e+01 6.904901644789845250e+01 6.882779725480034472e+01 4.250421897057803022e+01
1.020000000000000018e+00 5.208386040966186670e+01 3.918906496933858108e+01 6.779997143159749839e+01 6.772670164329032616e+01 4.104188111463334110e+01
1.030000000000000027e+00 5.118224970643783678e+01 3.947210558577479844e+01 6.650863930828880655e+01 6.684508022868068622e+01 3.957303008635619079e+01
1.040000000000000036e+00 5.001928514856326302e+01 3.918426659728586969e+01 6.518570368773106338e+01 6.619791319608899016e+01 3.814944311216282813e+01
1.050000000000000044e+00 4.963645848337328204e+01 3.847974382637664803e+01 6.384126992310246607e+01 6.577857220201958910e+01 3.662845166341593739e+01
1.060000000000000053e+00 4.886969225586653209e+01 3.752319717239233654e+01 6.248534149568032348e+01 6.556813246370059289e+01 3.540598308399594174e+01
1.070000000000000062e+00 4.775107025358581581e+01 3.645298744067125796e+01 6.112011302764051379e+01 6.553982272452471136e+01 3.454362050606265910e+01
1.080000000000000071e+00 4.633105736518793805e+01 3.538734896937117469e+01 5.975576479937575414e+01 6.566545263681089750e+01 3.364728584423706792e+01
1.090000000000000080e+00 4.467758034364150177e+01 3.446183723330828741e+01 5.839461341495715629e+01 6.591648585059286347e+01 3.273801099416502325e+01
1.100000000000000089e+00 4.287643634775998436e+01 3.360121161104938636e+01 5.704237736679925064e+01 6.626891667173642020e+01 3.183513233596583092e+01
1.110000000000000098e+00 4.102458374184595158e+01 3.282299595866120256e+01 5.570572908911393029e+01 6.670048590398882027e+01 3.095701735021605927e+01
1.120000000000000107e+00 3.922275930174617287e+01 3.336839688439135188e+01 5.439182828177259665e+01 6.719156104470874880e+01 3.012179801483021180e+01
1.129999999999999893e+00 3.756780654618649606e+01 3.426020302231833625e+01 5.310827176025053831e+01 6.772329107048417995e+01 2.934758919975742941e+01
1.139999999999999902e+00 3.614629564360972580e+01 3.480622257359750904e+01 5.186828684963685276e+01 6.827654268350396194e+01 2.865001768998114784e+01
1.149999999999999911e+00 3.502786038310834726e+01 3.499250949644074637e+01 5.068298219166165097e+01 6.883132017358522603e+01 2.804046497601574828e+01
1.159999999999999920e+00 3.425670996079539776e+01 3.481204738265924448e+01 4.956676243811864424e+01 6.936648198550467725e+01 2.752524246475907432e+01
1.169999999999999929e+00 3.384740745548313612e+01 3.427347012983497621e+01 4.852221470454421137e+01 6.986168828804579789e+01 2.710350800113822345e+01
1.179999999999999938e+00 3.378500766272285460e+01 3.393789825763469281e+01 4.754289718827360645e+01 7.029539718198759601e+01 2.676686752941319725e+01
1.189999999999999947e+00 3.403059712821294625e+01 3.341169855562773705e+01 4.661648878640141902e+01 7.064929629111314568e+01 2.650052897084232839e+01
1.199999999999999956e+00 3.452704337464749074e+01 3.262037546920034004e+01 4.573122091027092750e+01 7.090717166879205990e+01 2.628483163970732761e+01
1.209999999999999964e+00 3.520675820749028162e+01 3.141790714774232640e+01 4.487616192544304994e+01 7.105567088687882915e+01 2.609819359190765908e+01
1.219999999999999973e+00 3.599617776891802379e+01 2.980685635290610946e+01 4.404581748585736278e+01 7.108546498290924376e+01 2.591868681277479780e+01
1.229999999999999982e+00 3.682013722293599045e+01 2.798600533982481409e+01 4.323411619807389883e+01 7.099142476322472817e+01 2.572616857734893614e+01
1.239999999999999991e+00 3.760873068396991670e+01 2.668084103967513343e+01 4.243871403229209704e+01 7.077160487654703047e+01 2.550426062003484873e+01
1.250000000000000000e+00 3.830375271518822444e+01 2.655295701050661705e+01 4.165670643087868541e+01 7.042726085395918290e+01 2.524072398994518807e+01
1.260000000000000009e+00 3.886311398633356617e+01 2.696610071886516735e+01 4.088653683990561660e+01 6.996285772699111760e+01 2.492779512731146596e+01
1.270000000000000018e+00 3.926548558903304098e+01 2.735738343689614638e+01 4.013023178561084592e+01 6.938493517129430188e+01 2.456214972782264638e+01
1.280000000000000027e+00 3.950931854655519260e+01 2.773762258369531963e+01 3.938577101723875273e+01 6.870171403230411045e+01 2.414320270879332497e+01
1.290000000000000036e+00 3.961072492834777137e+01 2.810770276962930581e+01 3.865680013096788059e+01 6.792163160853884563e+01 2.367409386280504435e+01
1.300000000000000044e+00 3.959854477594010547e+01 2.845574611899172268e+01 3.794302719481685671e+01 6.705382532392060568e+01 2.324786179599540148e+01
1.310000000000000053e+00 3.950801142739104677e+01 2.875832838313079165e+01 3.724833197557816078e+01 6.610733256410199488e+01 2.323503751483536917e+01
1.320000000000000062e+00 3.937550254042162834e+01 2.923320186232792395e+01 3.657406322450325575e+01 6.509099129205662848e+01 2.317977909050000918e+01
1.330000000000000071e+00 3.923382926938018045e+01 2.990224511300288412e+01 3.592170440914406271e+01 6.401336816314170619e+01 2.308599266931052085e+01
1.340000000000000080e+00 3.910972145617910201e+01 3.047577389546812299e+01 3.529173445246482999e+01 6.288262323329714576e+01 2.295758424378269780e+01
1.350000000000000089e+00 3.902216804657697935e+01 3.093356638143605153e+01 3.468295149602705152e+01 6.170648464668813205e+01 2.279798224132137463e+01
1.360000000000000098e+00 3.898301012174051294e+01 3.126687255289887091e+01 3.409229037154082675e+01 6.049231464900975652e+01 2.260985172328446069e+01
1.370000000000000107e+00 3.899741169467450419e+01 3.147908500374355256e+01 3.351706860839271940e+01 5.924674785170487468e+01 2.239499542808188792e+01
1.379999999999999893e+00 3.906526757068802169e+01 3.158340216771940234e+01 3.295230877927617286e+01 5.797537520243365350e+01 2.215441565474693775e+01
1.389999999999999902e+00 3.918256916503595022e+01 3.159865037620447126e+01 3.239502759166292378e+01 5.668382796726142203e+01 2.188848871313490108e+01
1.399999999999999911e+00 3.934258216533915231e+01 3.154674107413728024e+01 3.184206369540349968e+01 5.537817907406397921e+01 2.159737371217275381e+01
1.409999999999999920e+00 3.953666222330372193e+01 3.144859980206402028e+01 3.129276861855942826e+01 5.406329900764718843e+01 2.128087397008970072e+01
1.419999999999999929e+00 3.975484853934343477e+01 3.132249188825568709e+01 3.074438834937045328e+01 5.290779309984711176e+01 2.093903327193274322e+01
1.429999999999999938e+00 3.998662227762486054e+01 3.118262562099716106e+01 3.019670495207411065e+01 5.236481291612982858e+01 2.057236524025459801e+01
1.439999999999999947e+00 4.022231643299767967e+01 3.103851566325298705e+01 2.964950557034008938e+01 5.177371228330158459e+01 2.018197628894600726e+01
1.449999999999999956e+00 4.045316365981737050e+01 3.089457507812693038e+01 2.910265923465251348e+01 5.113775694763127433e+01 1.976966104805847735e+01
1.459999999999999964e+00 4.067353712624301920e+01 3.075085485101368121e+01 2.855606337849943088e+01 5.045919873319162718e+01 1.933791678345289000e+01
1.469999999999999973e+00 4.088124942731929679e+01 3.060380295938432127e+01 2.800970768088643936e+01 4.973972666788361607e+01 1.888987990813642881e+01
1.479999999999999982e+00 4.107822541053754151e+01 3.044713186454021070e+01 2.746359070567601890e+01 4.898155136775321949e+01 1.842920478380743532e+01
1.489999999999999991e+00 4.126989062327915292e+01 3.027349813625586705e+01 2.691962372782603907e+01 4.818734998907704181e+01 1.795990926551763422e+01
1.500000000000000000e+00 4.146402010911432257e+01 3.007593854859615945e+01 2.637625700207162893e+01 4.736039239299763182e+01 1.748660942295187226e+01
1.510000000000000009e+00 4.166881472643139972e+01 2.984886768067914176e+01 2.583511843005203446e+01 4.650388672561962267e+01 1.701321838410963494e+01
1.520000000000000018e+00 4.189140726103485690e+01 2.958872385855476139e+01 2.529546738538969564e+01 4.562083574781775752e+01 1.654435664720408994e+01
1.530000000000000027e+00 4.213656498297105912e+01 2.929417390610478833e+01 2.475920773531051822e+01 4.471488054767917930e+01 1.608363043430914985e+01
1.540000000000000036e+00 4.240594753779700454e+01 2.918628561542492861e+01 2.422532159083044334e+01 4.378949515951883598e+01 1.563455674341306612e+01
1.550000000000000044e+00 4.269822653653282174e+01 2.918231067857718486e+01 2.369450858913745961e+01 4.303160360887988389e+01 1.520006313846574209e+01
1.560000000000000053e+00 4.300811590088182612e+01 2.915060778424573584e+01 2.316830747661467171e+01 4.234193688171821179e+01 1.478243839834378903e+01
1.570000000000000062e+00 4.332895637712854864e+01 2.909381566641337713e+01 2.264627724124443375e+01 4.166896645363128471e+01 1.438332240235268777e+01
1.580000000000000071e+00 4.365240757120432136e+01 2.901496008405809945e+01 2.212895806359047413e+01 4.101315566975335969e+01 1.423507103699646414e+01
1.590000000000000080e+00 4.396963335674858087e+01 2.891586351345210915e+01 2.161692515088945754e+01 4.037457229661394109e+01 1.419924481263616123e+01
1.600000000000000089e+00 4.427144654237053345e+01 2.879823481483488123e+01 2.111072451946581552e+01 3.975296745901115258e+01 1.414648890722024177e+01
1.610000000000000098e+00 4.454925078731795907e+01 2.866208673621967762e+01 2.061088651567857966e+01 3.914785395701929360e+01 1.408001243807492919e+01
1.620000000000000107e+00 4.479593981002879133e+01 2.850693061142132478e+01 2.011791260647643753e+01 3.855860152613788472e+01 1.400247105679520665e+01
1.629999999999999893e+00 4.500596249535639970e+01 2.833127276955760010e+01 1.963227079849451329e+01 3.798482192591139039e+01 1.391598472048509016e+01
1.639999999999999902e+00 4.517541029888769089e+01 2.813284442103981675e+01 1.915439904797766246e+01 3.742542307167888538e+01 1.382194128680206546e+01
1.649999999999999911e+00 4.530264388912203088e+01 2.790910153111486025e+01 1.868471607381741606e+01 3.687963695821044041e+01 1.372127713587009801e+01
1.659999999999999920e+00 4.538731222076591365e+01 2.765729657217359616e+01 1.822368137682475009e+01 3.634721656050911065e+01 1.361463825064247324e+01
1.669999999999999929e+00 4.542989924339396168e+01 2.737470499457696249e+01 1.777227238165665923e+01 3.582723541498148023e+01 1.350249484318803184e+01
1.679999999999999938e+00 4.560362481834452808e+01 2.705884283051266692e+01 1.733016502906609801e+01 3.531936104587352077e+01 1.338467766658653346e+01
1.689999999999999947e+00 4.580141508735753320e+01 2.670767127076674541e+01 1.689762205313247634e+01 3.482327972581603603e+01 1.326084428475026655e+01
1.699999999999999956e+00 4.594367747677299718e+01 2.631978179164340403e+01 1.647515201037796118e+01 3.433868582753247978e+01 1.313062216385143088e+01
1.709999999999999964e+00 4.603085922174825839e+01 2.589454166951095715e+01 1.606348689271807473e+01 3.386542935028939638e+01 1.299330051073291870e+01
1.719999999999999973e+00 4.606369883101032059e+01 2.543218052805973528e+01 1.566199351810851859e+01 3.340361959576105733e+01 1.284820183407515337e+01
1.729999999999999982e+00 4.604348216832664775e+01 2.493381583028328308e+01 1.527140161951643549e+01 3.295296670622862223e+01 1.269472738334122930e+01
1.739999999999999991e+00 4.597061449331820171e+01 2.440143348758923025e+01 1.489177101773756107e+01 3.251387683947171325e+01 1.253217675545664278e+01
1.750000000000000000e+00 4.584622689835485687e+01 2.383783595725287441e+01 1.452282486252086002e+01 3.208627000391401651e+01 1.235996267050501274e+01
1.760000000000000009e+00 4.567039909700891087e+01 2.324655562289838073e+01 1.416526876704756432e+01 3.167013430739682533e+01 1.217778164610374780e+01
1.770000000000000018e+00 4.544339898575148595e+01 2.263192824992330898e+01 1.381834954148446748e+01 3.126560009128682793e+01 1.198515182805992829e+01
1.780000000000000027e+00 4.516549253836128486e+01 2.199868888600639849e+01 1.348272231417455380e+01 3.087290376441562856e+01 1.179022342806076651e+01
1.790000000000000036e+00 4.483642566065032753e+01 2.135230393592428300e+01 1.315779443158185380e+01 3.049175281538390081e+01 1.179466936418750578e+01
1.800000000000000044e+00 4.445617129953254931e+01 2.069849654501968317e+01 1.285615584575683989e+01 3.012204423155493416e+01 1.180087327485165893e+01
1.810000000000000053e+00 4.402480359031611101e+01 2.004322533175671595e+01 1.310417803459409214e+01 2.976358358844214891e+01 1.180799317179969066e+01
1.820000000000000062e+00 4.354262145322813637e+01 1.939274085701189776e+01 1.335494005303418952e+01 2.941607869985563539e+01 1.181524067119355692e+01
1.830000000000000071e+00 4.301025549341998300e+01 1.875309859834269943e+01 1.360859441032958372e+01 2.907931417863079915e+01 1.182201078309049436e+01
1.840000000000000080e+00 4.242882462422529244e+01 1.813036257461610390e+01 1.386444436813202508e+01 2.875262508675846007e+01 1.182756141102879077e+01
1.850000000000000089e+00 4.242242710128547145e+01 1.753007013728690922e+01 1.412613122102521857e+01 2.843542234805323332e+01 1.183133590475356733e+01
1.860000000000000098e+00 4.322691967866785490e+01 1.695714345113151822e+01 1.439313373378395333e+01 2.812703890133978035e+01 1.183302166247779397e+01
1.870000000000000107e+00 4.395991726640508546e+01 1.641599232200822556e+01 1.465092514350354413e+01 2.782673192115334260e+01 1.183214949425382834e+01
1.879999999999999893e+00 4.445833901924848419e+01 1.590996477213968596e+01 1.488505660471331460e+01 2.753373890835608151e+01 1.182853130183256951e+01
1.889999999999999902e+00 4.472497867122272908e+01 1.544166822435080455e+01 1.508835715267161959e+01 2.724732892296969666e+01 1.182207007255090403e+01
1.899999999999999911e+00 4.493179813360579544e+01 1.501255251462575657e+01 1.525677001662283594e+01 2.696644822211315073e+01 1.181265275514067525e+01
1.909999999999999920e+00 4.523889539931304427e+01 1.462329673870840629e+01 1.538883670685900107e+01 2.669018486294169534e+01 1.180050596788708361e+01
1.919999999999999929e+00 4.530644055076886190e+01 1.457139232403603479e+01 1.548381128988119571e+01 2.641766857866309692e+01 1.178563530107147095e+01
1.929999999999999938e+00 4.514751747550837280e+01 1.466926346792572566e+01 1.554174580531521777e+01 2.614819217509231919e+01 1.176844422544631108e+01
1.939999999999999947e+00 4.477900097260771162e+01 1.473552027569343181e+01 1.556385627104773306e+01 2.588064314614200612e+01 1.174915487731150421e+01
1.949999999999999956e+00 4.422096370580857894e+01 1.475628892560765593e+01 1.555236228124665487e+01 2.561427615609771280e+01 1.172818474373220354e+01
1.959999999999999964e+00 4.349619023770480197e+01 1.472047455809859073e+01 1.550903850824595409e+01 2.534846360909787677e+01 1.170600868748935675e+01
1.969999999999999973e+00 4.262884917278112340e+01 1.462047164473093730e+01 1.543483266893094630e+01 2.508222827425428747e+01 1.168298149378402861e+01
1.979999999999999982e+00 4.164344568780317957e+01 1.445269312096818126e+01 1.532968923394658844e+01 2.481531414938855917e+01 1.165968198887643936e+01
1.989999999999999991e+00 4.056458841980832375e+01 1.421795412742818243e+01 1.519331304047076969e+01 2.454678609858108018e+01 1.163650816060421000e+01
2.000000000000000000e+00 3.941557520392506575e+01 1.392148189735780583e+01 1.502531547638008291e+01 2.427651338268116632e+01 1.161385821776986660e+01
2.009999999999999787e+00 3.821853350252600023e+01 1.357279975953075457e+01 1.482591444684338278e+01 2.400388486541672606e+01 1.159223957442939223e+01
2.020000000000000018e+00 3.699385436891796530e+01 1.327598640967453392e+01 1.459595942356784626e+01 2.372866897868249580e+01 1.157193220135148692e+01
2.029999999999999805e+00 3.576005431980221516e+01 1.343781225778194255e+01 1.433649914559569005e+01 2.345080846316377077e+01 1.155319026798906101e+01
2.040000000000000036e+00 3.453309573510208708e+01 1.363156023784397064e+01 1.404888290963548947e+01 2.317003978375090156e+01 1.153632860838606788e+01
2.049999999999999822e+00 3.332667392957971941e+01 1.385284720536921910e+01 1.380905289041526984e+01 2.288637122993079132e+01 1.152141953895825210e+01
2.060000000000000053e+00 3.215174045559315630e+01 1.409294786123057008e+01 1.406279470715953472e+01 2.259988868676408913e+01 1.150847034241159683e+01
2.069999999999999840e+00 3.101673624203388968e+01 1.434157452864953441e+01 1.426521354367245742e+01 2.231079007301309147e+01 1.149759430998938825e+01
2.080000000000000071e+00 2.992710787508994841e+01 1.458950923935114297e+01 1.441832553796589167e+01 2.201925957475522466e+01 1.148849844621183713e+01
2.089999999999999858e+00 2.888614487799681996e+01 1.483054280854894103e+01 1.452395912951642210e+01 2.172556387339096418e+01 1.148111711720726191e+01
2.100000000000000089e+00 2.789458603029067874e+01 1.506183228847437405e+01 1.458406738588834450e+01 2.143005098787137541e+01 1.147502997465251617e+01
2.109999999999999876e+00 2.695159671073407281e+01 1.528343089922681663e+01 1.460033554637799824e+01 2.113311503651557288e+01 1.147002396990552597e+01
2.120000000000000107e+00 2.605471649956993119e+01 1.549662758624836023e+01 1.457462378120786894e+01 2.083522846158097508e+01 1.146557235037764499e+01
2.129999999999999893e+00 2.520075653401072913e+01 1.570235804009692160e+01 1.450986228610110551e+01 2.053683772379556061e+01 1.146121159697946368e+01
2.140000000000000124e+00 2.438593344633726545e+01 1.589969069939825097e+01 1.440885190483547618e+01 2.023840119294017725e+01 1.145643546199269380e+01
2.149999999999999911e+00 2.360665430403149756e+01 1.608520210810820217e+01 1.427515335349185399e+01 1.994040517075257668e+01 1.145069445402266695e+01
2.160000000000000142e+00 2.285955431509853497e+01 1.625320312717353843e+01 1.411236254134644597e+01 1.964334044596218476e+01 1.144340546370614575e+01
2.169999999999999929e+00 2.214213915345738570e+01 1.639682632632515080e+01 1.392460646347624476e+01 1.934769586753974480e+01 1.143396237117297609e+01
2.180000000000000160e+00 2.145256564424924051e+01 1.650934216475274496e+01 1.371609259883178034e+01 1.905396549599612044e+01 1.142184977325403850e+01
2.189999999999999947e+00 2.078998785694257023e+01 1.658562060748255007e+01 1.349131544093108381e+01 1.876261713600767322e+01 1.140643416502153151e+01
2.200000000000000178e+00 2.015418767160552704e+01 1.662294765023306908e+01 1.325488076202878496e+01 1.847408176481362929e+01 1.138727017763032912e+01
2.209999999999999964e+00 1.954571188852239416e+01 1.662142470676394623e+01 1.301127584638054380e+01 1.818880016937317023e+01 1.136385007947587589e+01
2.220000000000000195e+00 1.896543095737294493e+01 1.658330567311900339e+01 1.276494044303037079e+01 1.790723440853027171e+01 1.133580656387452557e+01
2.229999999999999982e+00 1.841434350364794525e+01 1.651238840527146934e+01 1.252011409931344588e+01 1.762975222806714370e+01 1.130274950694545666e+01
2.240000000000000213e+00 1.789335771091932159e+01 1.641296744210584535e+01 1.228099783778099408e+01 1.735671789508566221e+01 1.126448676394204362e+01
2.250000000000000000e+00 1.740302081684116331e+01 1.633539754889475759e+01 1.205148283790508934e+01 1.708846510939122254e+01 1.122084836226126647e+01
2.259999999999999787e+00 1.694328837166819213e+01 1.623692954127084676e+01 1.183545831369692181e+01 1.682538699228578238e+01 1.117180990866213719e+01
2.270000000000000018e+00 1.683909036446148022e+01 1.611918291640177614e+01 1.163635730669442836e+01 1.656769942653975036e+01 1.111756102151146841e+01
2.279999999999999805e+00 1.679486135304996353e+01 1.598346864852060101e+01 1.145740851374755565e+01 1.631566114669270817e+01 1.105856190744533052e+01
2.290000000000000036e+00 1.676969217670419710e+01 1.583073279898235164e+01 1.130150469282104453e+01 1.606950204389503511e+01 1.099570940606733416e+01
2.299999999999999822e+00 1.676131258827296122e+01 1.566190968003180828e+01 1.117115170495148746e+01 1.582936631086124102e+01 1.093075931776571608e+01
2.310000000000000053e+00 1.676760424948939132e+01 1.547819830321734891e+01 1.106828593726136134e+01 1.559537223652009175e+01 1.086627533810189306e+01
2.319999999999999840e+00 1.678643859652028070e+01 1.528116942068832529e+01 1.099441140412717033e+01 1.536765813412902659e+01 1.080258739988898320e+01
2.330000000000000071e+00 1.681588048028147853e+01 1.507264552634913635e+01 1.095034080572107271e+01 1.514619881233336329e+01 1.073684670898569316e+01
2.339999999999999858e+00 1.685407716962827251e+01 1.485444655949270043e+01 1.093624705041448486e+01 1.493102433680728502e+01 1.066629340567468986e+01
2.350000000000000089e+00 1.689939007698222184e+01 1.462821931422637256e+01 1.095167955875211696e+01 1.472214743591175257e+01 1.058938839921127162e+01
2.359999999999999876e+00 1.695028491755887501e+01 1.439507257422752140e+01 1.099562037274151827e+01 1.451944120328720089e+01 1.050534834933116279e+01
2.370000000000000107e+00 1.700543908308113927e+01 1.415563220360646923e+01 1.106653279451463234e+01 1.432280586092548624e+01 1.041381168291626302e+01
2.379999999999999893e+00 1.706361250369526061e+01 1.390999565062337417e+01 1.116241651372264521e+01 1.413210743802378566e+01 1.031466037830597671e+01
2.390000000000000124e+00 1.712378531673092752e+01 1.365796310117313084e+01 1.128086578197488876e+01 1.394720394365269200e+01 1.020793186744232806e+01
2.399999999999999911e+00 1.718499333939286444e+01 1.339941704265821265e+01 1.141934114062803118e+01 1.376789591674580215e+01 1.009372980558697463e+01
2.410000000000000142e+00 1.724640658383556868e+01 1.313467056256888377e+01 1.157498797326770301e+01 1.359394534812331123e+01 9.972260270017130779e+00
2.419999999999999929e+00 1.730725808977282654e+01 1.286496122705550604e+01 1.174498656562344578e+01 1.342511283998931582e+01 9.843814503037888741e+00
2.430000000000000160e+00 1.736685318375665688e+01 1.259270078517018199e+01 1.192647427487801259e+01 1.326114022533444370e+01 9.708731504815656166e+00
2.439999999999999947e+00 1.742464348099310811e+01 1.232168054176637106e+01 1.211669568761589844e+01 1.310175363789319825e+01 9.567394882449365312e+00
2.450000000000000178e+00 1.748011911478215552e+01 1.205706144623335874e+01 1.231304831696487234e+01 1.294666638710305762e+01 9.420225014829302523e+00
2.459999999999999964e+00 1.753281122869800157e+01 1.180525237899894364e+01 1.251293368980221921e+01 1.279561553731432610e+01 9.267670066693369790e+00
2.470000000000000195e+00 1.758229593049336614e+01 1.157361296694119801e+01 1.271406544175221676e+01 1.264827022130504552e+01 9.135722065774473322e+00
2.479999999999999982e+00 1.762822047416574378e+01 1.149481046304233445e+01 1.291422826519990252e+01 1.250432038342235330e+01 9.074560502680821372e+00
2.490000000000000213e+00 1.767022482467982059e+01 1.179594061222294421e+01 1.311137796673602729e+01 1.236345853286741914e+01 9.007827245531158766e+00
2.500000000000000000e+00 1.770791729474239062e+01 1.208865216075006543e+01 1.330378167286557023e+01 1.222537849285275691e+01 8.935824057888190453e+00
2.509999999999999787e+00 1.774084852468623197e+01 1.237012392313779685e+01 1.348954568175685509e+01 1.208979265182962237e+01 8.858873376657790288e+00
2.520000000000000018e+00 1.776857035806808582e+01 1.263820636740987702e+01 1.366725605844927927e+01 1.195642638967952642e+01 8.777313154448311394e+00
2.529999999999999805e+00 1.779062717933352289e+01 1.289142860517895706e+01 1.383566544133778464e+01 1.182495653561055171e+01 8.691504602013791825e+00
2.540000000000000036e+00 1.780650346973951414e+01 1.312901571795718425e+01 1.399366428126083584e+01 1.169510367852586086e+01 8.601824505659536158e+00
2.549999999999999822e+00 1.781567414330570998e+01 1.335075492319305113e+01 1.414043955505979966e+01 1.156661065960769186e+01 8.508628496678733555e+00
2.560000000000000053e+00 1.781768520179102211e+01 1.355695248248622065e+01 1.427548146804823759e+01 1.143926418227504271e+01 8.412296318796830263e+00
2.569999999999999840e+00 1.781207343576362945e+01 1.374837085078411647e+01 1.439855364951446681e+01 1.131277111959004955e+01 8.313211454385690757e+00
2.580000000000000071e+00 1.796359989259441647e+01 1.392621329540966180e+01 1.450958369597517716e+01 1.118690401988260419e+01 8.211758649038113589e+00
2.589999999999999858e+00 1.830935216577981706e+01 1.409185571089763656e+01 1.460875660157266864e+01 1.107769641875755973e+01 8.108319449910183607e+00
2.600000000000000089e+00 1.865097835124923620e+01 1.424696549353746811e+01 1.469633050933791907e+01 1.104290549885317141e+01 8.003270078916974839e+00
2.609999999999999876e+00 1.898667565746289299e+01 1.439320210471206352e+01 1.477258585933943102e+01 1.101021409045063137e+01 7.896992132103494377e+00
2.620000000000000107e+00 1.931483819744482133e+01 1.453226633541978430e+01 1.483806283671237836e+01 1.097947917611529434e+01 7.789828305455053226e+00
2.629999999999999893e+00 1.963407148246309575e+01 1.466566669387854205e+01 1.489306058392369003e+01 1.095053406212187674e+01 7.682118652759097444e+00
2.640000000000000124e+00 1.994299329993974723e+01 1.479471642256463682e+01 1.493763026094731394e+01 1.092313202356157120e+01 7.574192251615036398e+00
2.649999999999999911e+00 2.024031902284027851e+01 1.492036180111989196e+01 1.497147933507135598e+01 1.089710104102734078e+01 7.466363269041631945e+00
2.660000000000000142e+00 2.052489882521394904e+01 1.504320946388870794e+01 1.499432639610244067e+01 1.087233424424289474e+01 7.358929015042523503e+00
2.669999999999999929e+00 2.079571855799039071e+01 1.516336148244583626e+01 1.500567332091946859e+01 1.084854988504664597e+01 7.252170432127392985e+00
2.680000000000000160e+00 2.105184663108511600e+01 1.528051304352522699e+01 1.500521141765703881e+01 1.082560787922936285e+01 7.146364003345398785e+00
2.689999999999999947e+00 2.129252973839011531e+01 1.539391020357480855e+01 1.499297845426343478e+01 1.080337113183783515e+01 7.041753195851868874e+00
2.700000000000000178e+00 2.151700632370005906e+01 1.550238298676037196e+01 1.496916440381710700e+01 1.078158140124644682e+01 6.938557445527925971e+00
2.709999999999999964e+00 2.172473847233954558e+01 1.560442399676410474e+01 1.493373230390041151e+01 1.076018953388445887e+01 6.836991442765608440e+00
2.720000000000000195e+00 2.191522027627698677e+01 1.569830639995290866e+01 1.488662662664080294e+01 1.073893435510351324e+01 6.737276822325297232e+00
2.729999999999999982e+00 2.208807523669512207e+01 1.578215057206350203e+01 1.482788443087354047e+01 1.071773082564243573e+01 6.639562589565482398e+00
2.740000000000000213e+00 2.224307827473672461e+01 1.585403369145407382e+01 1.475730008939906668e+01 1.069639867015328782e+01 6.544038526341907414e+00
2.750000000000000000e+00 2.238012078565026286e+01 1.591207891472470415e+01 1.467492989364365386e+01 1.067482352799435574e+01 6.450828879038339458e+00
2.759999999999999787e+00 2.250473613453678468e+01 1.595465638203126879e+01 1.458082137585949489e+01 1.065286070424999743e+01 6.360090490380930994e+00
2.770000000000000018e+00 2.273326119624092101e+01 1.598039387565960112e+01 1.447509815431710223e+01 1.063041322147340395e+01 6.271916382015622737e+00
2.779999999999999805e+00 2.294329061720245022e+01 1.598824983761988250e+01 1.435814155003429882e+01 1.060732944026678126e+01 6.186410100129436707e+00
2.790000000000000036e+00 2.313502761517239037e+01 1.597758869317983255e+01 1.423070150864219130e+01 1.058357224591253853e+01 6.103658865265371603e+00
2.799999999999999822e+00 2.330873375754815058e+01 1.594829954129031790e+01 1.409366719053821448e+01 1.055895272984663968e+01 6.023732672937422095e+00
2.810000000000000053e+00 2.346480480211493713e+01 1.590066474237208638e+01 1.394777008213807612e+01 1.053350535469955851e+01 5.946681042073255874e+00
2.819999999999999840e+00 2.360372398240953373e+01 1.583551964889380592e+01 1.382186724565437963e+01 1.050704818341573343e+01 5.872548997515156799e+00
2.830000000000000071e+00 2.372604882102174528e+01 1.575416599291341235e+01 1.369719969251394787e+01 1.047955176135411648e+01 5.825426149534617792e+00
2.839999999999999858e+00 2.383239969054424989e+01 1.565829374341993763e+01 1.356105508912220792e+01 1.045098340489586874e+01 5.792478906881019185e+00
2.850000000000000089e+00 2.392344778368861213e+01 1.555002709292686625e+01 1.341386167706294508e+01 1.042122483253735865e+01 5.760323005230959303e+00
2.859999999999999876e+00 2.399990168000294233e+01 1.543165047724354899e+01 1.325589011107491366e+01 1.039029509440908683e+01 5.729077404280221941e+00
2.870000000000000107e+00 2.406252096129292539e+01 1.530568340254204251e+01 1.308773547333659693e+01 1.035813783191516890e+01 5.698869174403743187e+00
2.879999999999999893e+00 2.411209347055298124e+01 1.517470210724451896e+01 1.290988130185810512e+01 1.032468608769992535e+01 5.669761846985768905e+00
2.890000000000000124e+00 2.414941022780822522e+01 1.504123586333267149e+01 1.272400108650553463e+01 1.028997143137443615e+01 5.641823151876272924e+00
2.899999999999999911e+00 2.417527061723918891e+01 1.490773029113539749e+01 1.259033872766941187e+01 1.025396573574039571e+01 5.615150470469016497e+00
2.910000000000000142e+00 2.419046068886064305e+01 1.477638048006620686e+01 1.244803615952325693e+01 1.021662289065080387e+01 5.589738330020901813e+00
2.919999999999999929e+00 2.419574876551494569e+01 1.464909022388469317e+01 1.229788836728135593e+01 1.017796669223968387e+01 5.565666125297695999e+00
2.930000000000000160e+00 2.419190862078417936e+01 1.452733366689017558e+01 1.214077567385930756e+01 1.013803285802790199e+01 5.542904467150050252e+00
2.939999999999999947e+00 2.417968851532522478e+01 1.441217142558836883e+01 1.197724955035470096e+01 1.009677297853175659e+01 5.521491074550943345e+00
2.950000000000000178e+00 2.415975520758130202e+01 1.430414990197888869e+01 1.180805577471497614e+01 1.005420196300761404e+01 5.501396332828215385e+00
2.959999999999999964e+00 2.413278274290262004e+01 1.420327542115554920e+01 1.163394566631627569e+01 1.001040372310409943e+01 5.482595372288316504e+00
2.970000000000000195e+00 2.409940841924096944e+01 1.410904977587248332e+01 1.145563240333314958e+01 9.965347786917764239e+00 5.465084646266005208e+00
2.979999999999999982e+00 2.406015200196090120e+01 1.402048856877978622e+01 1.127397460941867813e+01 9.919049990418915996e+00 5.448791526646222572e+00
2.990000000000000213e+00 2.401557134695224960e+01 1.393617429422194398e+01 1.108972289614506224e+01 9.871563796440524285e+00 5.433674608276323426e+00
